$ANSIBLE_VAULT;1.1;AES256
37343333653134326636373936393133326634613937323530363031663335323034663538666334
6162653430373838636238643837323531343232623062320a373462616634313065366664323433
38313538323333346531653037316138653037306533643535313138613230373063316166313464
3930326562646261390a313632383964616339373966313637616534346432636639663233663431
37303936333064306564623432393265653531333636353736383831393031396365316531643135
36393836643539323934346435666438663961316439323365323737376263386631306537306661
34656462633831303036616162346662643730633635333233393236346165333461633334623561
30646130643334353865393266363935636465656536626563303466383133616537376263323236
63653466343363623361396133643364653266353562393162373363666666393532343162653439
34313635623564623366656365353132663933626233383534313866636531366632323764376461
63633864623162323032396261373066353566613635356465316638376465343730343736326463
61633363633839383162313335383036666639343730353730626265646465343931313863313562
36306164336634323033616634303332616666346631323064656561663430643138613865636131
64383033626437636238636562343434613265323030396265646335366634393432623638623230
39343866343163623732316336623264316265666165363335363639663765663238323332623733
37303434656439336466
